0.83686 2.13636
-1.41366 7.40962
1.15521 5.09962
-1.01862 7.81491
1.27135 1.89254
3.43762 0.26165
-1.80822 1.59702
1.41372 4.38118
-0.20493 8.43210
-0.71110 8.66044
-1.71237 2.77780
-2.67001 8.35389
1.24259 4.50399
-2.22784 6.89480
1.45514 -0.02920
0.45379 3.95648
1.06924 4.53068
2.56937 0.50705
-1.06691 3.13166
-1.07859 2.20452
2.71506 1.29082
1.77711 1.18655
0.73436 5.03725
-1.99648 2.85165
-1.91828 2.60517
-0.55552 4.69596
1.69748 0.86612
0.59476 4.70965
-2.88024 2.30438
0.18673 4.02684
-0.51333 7.87437
-2.05701 7.37852
1.87272 4.18069
-1.13121 6.76652
-1.64429 7.94095
-2.41934 7.43952
-2.01607 7.48420
-2.62143 7.98635
-2.20300 2.47948
1.66382 0.66309
0.66979 3.59541
-1.98539 2.05521
-0.04749 5.47425
1.54462 4.21078
-1.70201 2.46099
-1.02193 2.76821
-1.37843 8.10270
-1.55221 2.74575
-1.47904 7.56916
1.98894 1.50977
-1.94972 3.48384
2.45510 0.62123
-0.89433 7.61714
1.69688 0.75491
1.75645 2.05538
-1.11064 2.82214
-0.04150 7.80870
-1.14092 1.97551
-1.80635 7.72831
1.39264 0.92896
-2.25699 7.30208
0.57167 4.32289
-1.54995 9.28293
-1.03819 2.95324
-2.10957 3.10677
-1.18653 2.78428
-2.45810 7.51179
2.36960 0.95072
-2.66676 7.84766
-1.49721 3.21418
1.32222 4.17881
-0.48727 3.32858
-1.03719 8.06300
-1.60497 2.97425
-1.50373 1.92385
-0.78541 8.45312
-1.75783 2.97449
1.19009 4.72773
2.14044 0.70607
-1.03540 8.20559
1.25471 0.08963
0.59568 4.08614
1.27955 1.05789
1.72955 1.14729
-0.94904 8.46424
0.93533 5.33179
2.36923 0.79474
0.42858 4.97400
-2.04758 6.65429
-1.45673 7.48670
0.52942 3.80792
1.78195 0.90815
-1.95575 8.61632
-1.74572 3.01190
-1.17979 3.12767
1.16411 3.79133
1.36156 1.36638
2.60137 1.08799
0.27240 5.46996
-3.12241 3.28167
-0.58809 8.61427
1.66910 -0.43638
-0.68277 7.67490
2.36791 0.55219
1.05242 4.54498
2.22707 1.26297
2.43935 -0.07251
1.34472 4.85711
-1.31455 6.83904
0.98257 5.37531
-1.06295 2.20755
-1.60712 3.56453
1.57322 0.48393
-2.17851 8.08585
1.83376 0.75404
2.10616 3.49513
-1.64339 7.52692
1.10550 1.26389
1.61153 1.82347
0.45953 5.44983
-0.53802 3.01642
1.67841 0.60905
-1.01215 3.60254
1.34195 0.59357
1.42812 1.62435
2.04506 1.12515
1.67281 0.65930
-1.35864 2.32201
1.13079 0.93562
-1.73896 1.94800
-0.34026 8.16734
-1.63794 2.43329
-1.68754 2.24108
2.43041 -0.06357
-1.37998 7.18504
-1.25245 2.33912
-2.39482 3.39806
-2.09183 7.48143
0.48838 3.26802
-0.53943 7.45632
-2.59202 8.07636
-1.04657 2.96484
1.25567 3.38204
-1.62150 4.27192
1.86922 5.44132
-1.76404 2.22223
-1.38182 7.28761
0.00793 4.17614
-1.10298 7.30223
-1.79351 7.58087
-1.51177 7.94426
0.95936 4.56079
-0.60134 6.29995
0.22459 4.77028
1.56725 0.01781
-1.03395 2.92106
-0.92227 8.09889
-1.88610 2.24834
1.86874 0.95610
1.10124 4.88977
-1.93214 8.30643
0.67048 4.04094
0.74387 4.12241
1.64004 1.81949
0.81547 4.78526
-2.63275 2.63110
-0.96108 1.27408
0.21398 4.88543
1.43472 1.30662
1.21387 3.64795
1.08273 4.06272
-1.22605 8.29620
1.48170 0.69007
1.89594 5.18540
-1.32356 4.13051
-1.14990 7.89325
2.46916 1.67877
2.31102 1.30381
0.57279 4.08806
-0.96779 3.12186
2.62492 0.95019
1.68354 4.19583
-2.22132 2.73051
-1.57846 3.03446
0.08152 4.56742
1.43289 4.37679
1.06270 5.17635
0.76752 4.39760
2.47019 1.31451
-1.73163 7.16447
0.34714 3.45178
-1.00140 2.84882
1.01618 4.48527
0.55953 4.21401
-2.11821 2.03478
-1.36219 2.38333
-2.78367 2.99212
1.65225 3.65583
-1.93961 2.18944
-1.81488 7.97832
1.20213 3.64415
-0.96920 3.26722
1.86986 -0.10794
-1.80701 2.06774
1.21768 3.89290
-1.48369 6.00777
-1.56388 2.85350
-0.68621 8.68286
1.07627 4.68481
-0.97599 6.73762
1.37965 4.54826
-1.64130 2.68097
-0.00185 4.58146
1.71444 5.02522
-1.40524 7.72611
-0.70818 2.50421
-0.88580 2.64585
1.98437 0.48956
2.95196 -0.34433
0.43189 4.33495
-1.86622 7.62549
2.52706 0.61781
2.04067 0.45485
-2.58044 3.18844
1.61991 0.06765
-2.58803 3.13117
0.44360 3.11531
-0.45677 7.30601
-1.12868 7.80510
2.13004 5.19210
1.00373 4.19148
-1.39347 8.74642
0.72810 3.85531
0.89350 1.01093
-1.10783 2.92014
0.78934 4.33749
1.97554 0.71899
-1.24903 3.08534
-1.07769 8.88106
-1.86849 3.07982
2.76809 1.08783
0.27718 4.84428
3.41085 0.87231
-1.58084 7.55308
-1.53028 7.70542
-1.82456 7.35959
-1.68568 7.95339
-1.65105 3.44599
-1.30441 3.00312
-0.73070 6.24209
2.40616 4.87048
-1.53631 3.01444
1.48860 0.65163
0.51432 4.62734
-1.81470 3.29010
-1.93731 3.91361
-0.61491 3.94964
2.03170 0.19681
2.14917 1.03697
-1.36999 7.76953
0.91434 4.55015
0.33382 4.93646
-2.15968 3.41003
1.36679 0.63497
-0.57110 8.13306
-1.00553 3.08401
1.49493 3.85849
-0.59045 7.69493
0.71518 5.41335
2.11390 1.24744
1.20083 0.60167
-2.54577 3.15025
-1.95867 2.43009
2.33812 3.43117
3.35321 1.69958
1.84287 0.07269
1.32001 1.40428
2.09681 4.84741
-1.24308 8.15166
-1.85908 7.78875
2.74667 1.54543
2.60778 1.08890
1.65991 3.56289
2.35151 0.82800
2.22322 0.83877
3.22881 1.13172
-1.55877 7.24816
-0.64696 3.42941
-1.32689 8.51531
0.91720 3.90570
2.29470 -0.76589
1.81560 1.11970
-1.12017 7.11032
-1.65507 8.61417
-1.27568 7.96776
1.97370 1.57980
2.51834 1.39177
0.43899 4.53593
0.36948 7.79111
-1.79146 2.74967
